1101  

1210  

1216  

1262  

1264  

1301  

1303  

1312  

1319  

1326  

1402  

1476  20160106

1477  

1527  

1532  

1536  

1565  

1580  

1589  

1590  

1605  

1704  

1707  

1752  

1795  

1815  

2002  

2049  

2066  

2103  

2105  

2228  

2231  

2301  

2303  

2311  

2312  

2313  

2317  

2324  

2325  

2330  

2344  

2345  

2352  

2353  

2354  

2355  

2356  

2377  

2379  

2382  

2383  

2393  

2404  

2408  

2409  

2412  

2439  

2449  

2454  

2455  

2458  

2474  

2485  

2489  

2492  

2498  

2542  

2545  

2548  

2603  

2610  

2618  

2634  

2707  

2801  

2823  

2834  

2880  

2881  20160324

2882  

2883  

2884  

2885  

2886  

2887  

2888  

2890  

2891  

2892  

2915  

3008  

3023  

3034  

3042  

3078  

3081  

3088  

3105  

3131  

3152  

3189  

3205  20160817

3211  

3227  

3231  

3260  

3264  

3289  

3293  

3324  20160627

3374  

3376  

3428  

3450  

3474  

3479  

3481  

3498  

3514  

3529  

3541  

3552  

3558  

3576  20160303

3587  

3596  

3611  

3658  

3662  

3665  

3673  

3691  

3706  

4105  

4107  

4114  20160620

4120  

4123  20160622

4126  

4129  

4130  

4137  

4162  

4163  

4426  

4736  

4745  

4803  

4915  

4935  

4938  

4947  

4958  

4966  

4991  

5009  

5245  

5263  

5264  

5274  

5289  

5347  

5349  

5356  

5388  

5392  

5425  

5457  

5478  

5483  

5490  

5534  

5880  

6024  

6105  

6107  

6121  

6143  

6147  

6176  

6180  

6182  

6187  

6188  

6223  

6230  

6238  

6239  

6244  20160413

6245  

6269  

6271  

6274  

6279  

6282  

6285  

6290  

6414  20160620

6415  

6452  

6456  

6510  

6523  

6803  

8016  

8042  

8044  

8050  

8069  

8076  

8083  

8086  

8109  

8255  

8299  

8341  

8358  

8383  

8406  

8433  

8436  

8437  

8444  

8446  

8450  

8464  

8916  

8936  

8942  

9136  

9904  

9914  

9938  

9939  

9951  

